39
0 660 450 1 -1 1
1 595 450 2 0|22 2
2 540 450 1 1 3
3 485 450 2 2 4
4 385 450 1 3 5|25
5 290 450 1 4 6
6 234 450 1 5 7
7 165 445 1 6 8|29
8 75 425 1 7 9
9 65 360 1 8 10
10 65 308 3 9|39 11
11 80 230 1 10 12
12 100 170 1 11 13
13 192 112 1 12 14
14 260 110 1 13 15
15 340 138 3 14 16
16 385 105 1 15 17
17 450 113 1 16|35 18
18 550 142 1 17 19
19 574 221 2 18 20
20 585 290 1 19|34 21
21 585 357 1 20|23 22
22 590 405 2 21 1
23 500 335 1 24 21
24 412 330 1 25 23|26
25 385 395 1 4 24
26 359 307 1 24 27
27 308 307 3 26|28 30
28 247 344 1 29 27
29 195 390 2 7 28
30 308 262 1 27 31
31 306 212 2 30 32|36
32 390 200 1 31 33
33 465 238 1 32 34
34 515 268 1 33 20|35
35 504 197 3 34 17
36 217 194 2 31 37
37 168 250 3 36 38
38 146 300 1 37 10

cantidadDeCasillas
index posX posY IDTipodeCasilla casillasAnteriores casillasSiguientes (por cada casilla)

casillas anteriores y siguientes separadas por "|"

ID 	Tipo Casilla
1	Conpremio
2	Trampa